Question 1
beta_ols =

   -2.992801
  -10.119857
    0.046122
    0.052000

sigma_ols =  1.3401
beta_iv =

  -6.1348e+00
   5.2366e+01
   1.4473e-01
   1.0027e-01
   4.7748e-11
  -9.1504e-02
   3.1753e-02
   1.9152e-02
   1.3477e-01
  -1.6964e+00
  -1.0133e+02
   1.6856e-01
  -3.2777e-01
   4.6939e+00
  -3.8535e-01
   5.5856e-04
   7.0720e-01
  -9.5570e-01
  -1.3545e+01
  -3.9876e-01
  -6.5348e-01
  -2.2727e+00
  -1.7475e+01
  -1.1107e+00
  -3.8522e+01

sigma_iv =  1.1739
 
----------
Question 2
beta =

  -4.2695e+00
  -2.3245e+01
   1.1161e-01
  -6.0470e-01
   9.7753e+00
   2.5968e-10
  -1.1427e-01
  -6.0746e-01
   1.0088e-02
   9.8172e-02
  -1.6758e+00
  -2.9034e+01
   1.1757e-01
  -6.3096e-01
   1.1595e+00
  -2.5126e-01
  -6.1047e-03
   8.0068e-01
  -8.4358e-01
   2.2602e+00
   2.6341e-01
  -7.2597e-02
   7.1884e-01
   2.8141e+00
  -4.5806e-01
   6.9974e+00

sigma =  0.56092
 
----------
Question 4
zeta =

   0.466827
   0.725955
   0.598697
   0.180106
   0.048561
   0.807695
   0.864446
   0.557169
   0.832049
   0.028497
   0.506150
   0.314367
   0.267212
   0.028093
   0.546565
   0.020714
   0.815767
   0.603171
   0.538498
   0.333542
   0.477049
   0.163355
   0.683892
   0.764016
   0.466827
   0.725955
   0.598697
   0.180106
   0.048561
   0.807695
   0.864446
   0.557169
   0.832049
   0.028497
   0.506150
   0.314367
   0.267212
   0.028093
   0.546565
   0.020714
   0.815767
   0.603171
   0.538498
   0.333542
   0.477049
   0.163355
   0.683892
   0.764016
   0.466827
   0.725955
   0.598697
   0.180106
   0.048561
   0.807695
   0.864446
   0.557169
   0.832049
   0.028497
   0.506150
   0.314367
   0.267212
   0.028093
   0.546565
   0.020714
   0.815767
   0.603171
   0.538498
   0.333542
   0.477049
   0.163355
   0.683892
   0.764016
   0.466827
   0.725955
   0.598697
   0.180106
   0.048561
   0.807695
   0.864446
   0.557169
   0.832049
   0.028497
   0.506150
   0.314367
   0.267212
   0.028093
   0.546565
   0.020714
   0.815767
   0.603171
   0.538498
   0.333542
   0.477049
   0.163355
   0.683892
   0.764016
   0.466827
   0.725955
   0.598697
   0.180106
   0.048561
   0.807695
   0.864446
   0.557169
   0.832049
   0.028497
   0.506150
   0.314367
   0.267212
   0.028093
   0.546565
   0.020714
   0.815767
   0.603171
   0.538498
   0.333542
   0.477049
   0.163355
   0.683892
   0.764016
   0.466827
   0.725955
   0.598697
   0.180106
   0.048561
   0.807695
   0.864446
   0.557169
   0.832049
   0.028497
   0.506150
   0.314367
   0.267212
   0.028093
   0.546565
   0.020714
   0.815767
   0.603171
   0.538498
   0.333542
   0.477049
   0.163355
   0.683892
   0.764016
   0.466827
   0.725955
   0.598697
   0.180106
   0.048561
   0.807695
   0.864446
   0.557169
   0.832049
   0.028497
   0.506150
   0.314367
   0.267212
   0.028093
   0.546565
   0.020714
   0.815767
   0.603171
   0.538498
   0.333542
   0.477049
   0.163355
   0.683892
   0.764016
   0.466827
   0.725955
   0.598697
   0.180106
   0.048561
   0.807695
   0.864446
   0.557169
   0.832049
   0.028497
   0.506150
   0.314367
   0.267212
   0.028093
   0.546565
   0.020714
   0.815767
   0.603171
   0.538498
   0.333542
   0.477049
   0.163355
   0.683892
   0.764016
   0.466827
   0.725955
   0.598697
   0.180106
   0.048561
   0.807695
   0.864446
   0.557169
   0.832049
   0.028497
   0.506150
   0.314367
   0.267212
   0.028093
   0.546565
   0.020714
   0.815767
   0.603171
   0.538498
   0.333542
   0.477049
   0.163355
   0.683892
   0.764016
   0.466827
   0.725955
   0.598697
   0.180106
   0.048561
   0.807695
   0.864446
   0.557169
   0.832049
   0.028497
   0.506150
   0.314367
   0.267212
   0.028093
   0.546565
   0.020714
   0.815767
   0.603171
   0.538498
   0.333542
   0.477049
   0.163355
   0.683892
   0.764016
   0.466827
   0.725955
   0.598697
   0.180106
   0.048561
   0.807695
   0.864446
   0.557169
   0.832049
   0.028497
   0.506150
   0.314367
   0.267212
   0.028093
   0.546565
   0.020714
   0.815767
   0.603171
   0.538498
   0.333542
   0.477049
   0.163355
   0.683892
   0.764016
   0.466827
   0.725955
   0.598697
   0.180106
   0.048561
   0.807695
   0.864446
   0.557169
   0.832049
   0.028497
   0.506150
   0.314367
   0.267212
   0.028093
   0.546565
   0.020714
   0.815767
   0.603171
   0.538498
   0.333542
   0.477049
   0.163355
   0.683892
   0.764016
   0.466827
   0.725955
   0.598697
   0.180106
   0.048561
   0.807695
   0.864446
   0.557169
   0.832049
   0.028497
   0.506150
   0.314367
   0.267212
   0.028093
   0.546565
   0.020714
   0.815767
   0.603171
   0.538498
   0.333542
   0.477049
   0.163355
   0.683892
   0.764016
   0.466827
   0.725955
   0.598697
   0.180106
   0.048561
   0.807695
   0.864446
   0.557169
   0.832049
   0.028497
   0.506150
   0.314367
   0.267212
   0.028093
   0.546565
   0.020714
   0.815767
   0.603171
   0.538498
   0.333542
   0.477049
   0.163355
   0.683892
   0.764016
   0.466827
   0.725955
   0.598697
   0.180106
   0.048561
   0.807695
   0.864446
   0.557169
   0.832049
   0.028497
   0.506150
   0.314367
   0.267212
   0.028093
   0.546565
   0.020714
   0.815767
   0.603171
   0.538498
   0.333542
   0.477049
   0.163355
   0.683892
   0.764016
   0.466827
   0.725955
   0.598697
   0.180106
   0.048561
   0.807695
   0.864446
   0.557169
   0.832049
   0.028497
   0.506150
   0.314367
   0.267212
   0.028093
   0.546565
   0.020714
   0.815767
   0.603171
   0.538498
   0.333542
   0.477049
   0.163355
   0.683892
   0.764016
   0.466827
   0.725955
   0.598697
   0.180106
   0.048561
   0.807695
   0.864446
   0.557169
   0.832049
   0.028497
   0.506150
   0.314367
   0.267212
   0.028093
   0.546565
   0.020714
   0.815767
   0.603171
   0.538498
   0.333542
   0.477049
   0.163355
   0.683892
   0.764016
   0.466827
   0.725955
   0.598697
   0.180106
   0.048561
   0.807695
   0.864446
   0.557169
   0.832049
   0.028497
   0.506150
   0.314367
   0.267212
   0.028093
   0.546565
   0.020714
   0.815767
   0.603171
   0.538498
   0.333542
   0.477049
   0.163355
   0.683892
   0.764016
   0.466827
   0.725955
   0.598697
   0.180106
   0.048561
   0.807695
   0.864446
   0.557169
   0.832049
   0.028497
   0.506150
   0.314367
   0.267212
   0.028093
   0.546565
   0.020714
   0.815767
   0.603171
   0.538498
   0.333542
   0.477049
   0.163355
   0.683892
   0.764016
   0.466827
   0.725955
   0.598697
   0.180106
   0.048561
   0.807695
   0.864446
   0.557169
   0.832049
   0.028497
   0.506150
   0.314367
   0.267212
   0.028093
   0.546565
   0.020714
   0.815767
   0.603171
   0.538498
   0.333542
   0.477049
   0.163355
   0.683892
   0.764016
   0.466827
   0.725955
   0.598697
   0.180106
   0.048561
   0.807695
   0.864446
   0.557169
   0.832049
   0.028497
   0.506150
   0.314367
   0.267212
   0.028093
   0.546565
   0.020714
   0.815767
   0.603171
   0.538498
   0.333542
   0.477049
   0.163355
   0.683892
   0.764016
   0.466827
   0.725955
   0.598697
   0.180106
   0.048561
   0.807695
   0.864446
   0.557169
   0.832049
   0.028497
   0.506150
   0.314367
   0.267212
   0.028093
   0.546565
   0.020714
   0.815767
   0.603171
   0.538498
   0.333542
   0.477049
   0.163355
   0.683892
   0.764016
   0.466827
   0.725955
   0.598697
   0.180106
   0.048561
   0.807695
   0.864446
   0.557169
   0.832049
   0.028497
   0.506150
   0.314367
   0.267212
   0.028093
   0.546565
   0.020714
   0.815767
   0.603171
   0.538498
   0.333542
   0.477049
   0.163355
   0.683892
   0.764016
   0.466827
   0.725955
   0.598697
   0.180106
   0.048561
   0.807695
   0.864446
   0.557169
   0.832049
   0.028497
   0.506150
   0.314367
   0.267212
   0.028093
   0.546565
   0.020714
   0.815767
   0.603171
   0.538498
   0.333542
   0.477049
   0.163355
   0.683892
   0.764016
   0.466827
   0.725955
   0.598697
   0.180106
   0.048561
   0.807695
   0.864446
   0.557169
   0.832049
   0.028497
   0.506150
   0.314367
   0.267212
