beta_ols =

  -3.002386
  -9.503411
   0.045241
   0.055462

sigma_ols =  1.2407
beta_iv =

  -6.3799e+00
   6.3275e+01
   1.1774e-01
   7.3056e-02
   1.1013e-10
   1.4071e-02
   3.5444e-01
   1.8981e-02
   1.0748e-01
  -1.6386e+00
  -7.2581e+01
   1.3852e-01
  -2.5462e-01
   3.4344e+00
  -8.7859e-02
  -6.4949e-03
   4.8247e-01
   1.2299e+00
  -1.4992e+01
  -4.1953e-01
  -6.7665e-01
  -2.4458e+00
  -1.8942e+01
  -1.0297e+00
  -4.1696e+01

sigma_iv =  1.0925
