Question 1
beta_ols =

   -2.992801
  -10.119857
    0.046122
    0.052000

se_ols =

   0.1115808
   0.8787538
   0.0043922
   0.0518971

beta_iv =

  -3.162934
  -7.365682
   0.025056
  -0.014899

se_iv =

   0.1337715
   1.0802749
   0.0050503
   0.0579385

 
----------
Question 2
beta =

  -3.9223949
  -3.8360014
   0.0068666
  -0.4142976
   7.4415370

se =

   0.1811894
   1.2151971
   0.0058155
   0.0866813
   1.2092325

 
----------
Question 4
zeta =

   8.8465e-01
   5.9320e-01
   6.2952e-01
   1.5852e-01
   8.6878e-01
   5.0223e-01
   2.6248e-01
   4.1811e-01
   9.2540e-01
   8.1618e-01
   7.1139e-02
   6.7728e-01
   9.6893e-01
   4.4291e-01
   9.9665e-01
   8.0710e-03
   6.3774e-01
   5.6272e-01
   9.2107e-01
   5.4746e-01
   7.3860e-04
   7.2535e-01
   8.2826e-01
   1.0628e-01

beta =

   -3.000000
   10.000000
    0.100000
    0.050000

beta_hat =

  -2.23757
   7.86754
   0.10555
   0.11768

